0.09090909092
0.1026511424
0.04257221458
0.03987862208
0.02875469758
0.02000139453
0.03519960589
0.01753601855
0.05773133664
0.0628018885
0.005010395127
0.005401630436
0.02350422968
0.0362685917
0.02083437296
0.06021606866
0.03060171142
0.001832056145
0.02139574268
0.06446002425
0.1435089459
0.01018752984
0.005691566064
0.06059912195
0.0001064058909
0.01210193943
0.0002436561909
0.0783795486
0.00021157184
0.02048922926
0.03850604671
0.04560407024
0.00079607242
0.00799861138
0.01887219404
0.00188354101
0.04013833503
0.00081953216
0.01352238382
0.08257176723
0.02754944389
0.199778119
0.00031847879
0.01738771062
0.00015714325
0.1024364948
0.09376965803
0.1326533809
0.01234742521
0.02413851434
0.00831085512
0.00125490395
0.0284100306
0.00169493779
0.01284774988
0.08465960185
0.00896109911
0.00062846846
0.00074747148
0.311857219
0.00005265456
0.00005503611
0.00025069524
0.04762521236
0.00765757314
0.00002749945
0.1135299297
0.00128521781
0.00041829676
0.1148855893
0.00008651721
0.00000226991
0.06742879708
0.01693962319
0.00766776915
0.1245965786
0.00150059915
0.00029159091
0.00000881917
0.07597346002
0.00001466141
0.0241754443
0.1318771008
0.00015648039
0.01759728974
0.00031463886
0.1582102964
0.0000527964
0.00021718471
0.1597805541
0.05719815567
0.00000446787
0.05397396741
0.03802033008
0.00013584008
0.00024088751
0.1886935156
0.00007907923
0.0014522471
0.03963759477
0.0035548737
0.08239315572
0.03352206421
0.00002305254
0.00003031021
0.0000061879
0.00845677927
0.00019570537
0.5944301694
0.03077552602
0.00038271063
0.00036323651
0.00962371941
0.1284842301
0.00085310998
0.00584791886
0.00060641478
0.07466592157
0.00057472106
0.00017417754
0.00853919563
0.00351518936
0.00168474602
0.060509021
0.00019903049
0.00018515587
0.01938188199
0.02425194339
0.00044226393
0.01749438167
0.0031354164
0.00174571988
0.00000100681
0.01210181523
0.00003137651
0.3586267659
0.04795099192
0.00163774879
0.02150118937
0.07855197252
0.02873208399
0.0091998732
0.00602777926
0.00167810961
0.01111812623
0.00027259748
0.00166228228
0.03389410645
0.02058324145
0.08446121915
0.00373730621
0.01010722668
0.00176879166
0.1314649332
0.07147902491
0.02662056305
0.00131919465
0.01588198013
0.00817436381
0.00985478434
0.01328093781
0.00041280596
0.3872641677
0.06532289394
0.00015660598
0.000145816
0.00008652152
0.08054664864
0.04692570014
0.00014790845
0.00007270632
0.08379055035
0.00001018493
0.00004999189
0.02513530963
0.00014387481
0.0000876812
0.1612558529
0.00003335314
0.00000100841
0.07688103013
0.00161784159
0.03380979836
0.03422112855
0.00000675634
0.00014591684
0.00000388238
0.00213533207
0.00000153782
0.3432416787
0.06304329462
0.00025345719
0.00003545774
0.00075152142
0.1423586382
0.00029976352
0.01233329901
0.1232785188
0.05438529622
0.00000947824
0.0000483333
0.02816246875
0.00212663661
0.0185956159
0.07522474199
0.00010032086
0.00000559559
0.07233268064
0.02258606789
0.00610098702
0.02936192251
0.00002132603
0.00051339499
0.00000145599
0.00478885072
0.00003919765
0.1005143018
0.156225139
0.00074894294
0.00012803087
0.00038411194
0.4741504902
0.00045861791
0.00002320282
0.00011925012
0.1281639089
0.00000521629
0.00004890752
0.00154935325
0.00140297843
0.00231108576
0.07478549588
0.00005757236
0.00004521748
0.01182774795
0.00199303713
0.02650969377
0.0117756044
0.00003401213
0.00058536403
4.35E-07
0.0061492203
0.00000306215
0.04048683517
0.02085861413
0.00741631846
0.0589377001
0.03997332333
0.03856866817
0.02204253788
0.03004316544
0.00012589884
0.00088337269
0.00007946201
0.00792776572
0.05166604053
0.03790532786
0.2610493785
0.05672912614
0.00829470039
0.00060832002
0.03732140892
0.119087147
0.1278814193
0.00123917163
0.02374706131
0.00006437593
0.00201082932
0.00002939997
0.00502263119
0.00177940611
0.1390732356
0.00007689679
0.00027309141
0.00011929782
0.2019388771
0.00013546771
0.00004491635
0.00010959589
0.02701664528
0.00015882421
0.0000618049
0.00014876295
0.00005318096
0.00021847312
0.2783897381
0.00019116398
0.00000215598
0.00227276729
0.00012468779
0.00012181314
0.3473302261
0.00003808906
0.00001185792
0.00000251532
0.00028746464
0.00001904453
0.3129206817
0.01879825909
0.00100577364
0.00022386838
0.00049334233
0.3290051866
0.00269904751
0.00116494747
0.00262670252
0.1325584546
0.00010406092
0.00047915558
0.01802192454
0.00159790327
0.08743783456
0.00779097616
0.00064657407
0.00000690768
0.00265039662
0.06159254945
0.00112654669
0.00295418616
0.00010985446
0.00280243994
0.00000876459
0.01117187892
0.00000178263
0.154867168
0.09317620409
0.00134610283
0.00169381932
0.06739625081
0.162707517
0.01299280325
0.00097485282
0.00027031738
0.1198900068
0.00001027559
0.00709027302
0.1309574577
0.00540661621
0.00101089514
0.0786562101
0.00407591971
0.00001112365
0.00253590921
0.02185360213
0.01798746284
0.01924558001
0.0059673216
0.00356006227
0.00002004236
0.08620460217
0.00009160402
0.1531586166
0.1669849709
0.02519279484
0.00170834311
0.00011985232
0.2587615766
0.00174903013
0.00008265276
0.00014286954
0.09580413188
0.00000950914
0.00003094538
0.00162603909
0.02464177641
0.00336502534
0.1115045533
0.05537651461
0.00000341771
0.00148261156
0.02585959688
0.00041837876
0.03518164287
0.00005870555
0.00016223656
0.00001146211
0.03652271012
0.00004003602
0.2682347306
0.02841425528
0.00060693348
0.03703611401
0.1625963887
0.08479178685
0.0055514709
0.1199697345
0.00116223767
0.0327410604
0.00107130762
0.00947997645
0.00831056988
0.00231767027
0.00936488548
0.06054792742
0.00048130002
0.000804413
0.00104380618
0.04307239083
0.09638203169
0.00660842419
0.00437205103
0.00082605199
0.00041243065
0.01346186423
0.00033818669
0.1395445044
0.00693720866
0.0081802545
0.01174429681
0.01778665994
0.00445510336
0.1046806737
0.00581566196
0.00293438578
0.00995849493
0.0003524111
0.01141879577
0.03291132555
0.0560534166
0.1484273299
0.03358158649
0.01960694828
0.00015691303
0.1187730191
0.02834463294
0.04732232857
0.1219787717
0.01878678977
0.04409670384
0.00108602811
0.00451882591
0.0005469294
0.07653400678
0.1206613408
0.00060145897
0.00021140189
0.00015052863
0.1825734359
0.00039845447
0.0001319857
0.02683233723
0.05530865815
0.00001673234
0.00041037938
0.09622010495
0.0025325771
0.00030892396
0.1288148917
0.05694721006
0.00000190424
0.1474448858
0.02303521974
0.03408949049
0.0413945307
0.00001314238
0.00056028367
0.00002022865
0.00476125619
0.00002463026
0.00768315481
0.00137810325
0.00022611894
0.00004216813
0.00002688982
0.00007455814
0.00001161151
0.0000018334
0.00002138963
0.00182728547
0.00000366679
0.00001344491
0.00003300114
0.00002750095
0.00008800305
0.00009533663
0.00004339039
0.00007028021
0.00008311399
0.00015583873
0.00009411437
0.9870213841
0.00009228097
0.00077430458
0.00010328135
0.00000366679
0.00000427793
0.2268637723
0.07263706077
0.00303194357
0.01189263689
0.02660372085
0.2279955024
0.003709456
0.01099674815
0.00228160047
0.08408562531
0.0000852038
0.01212427356
0.01282822954
0.01727315777
0.02245595955
0.08894406439
0.00473480437
0.00012042329
0.01723155401
0.05166816062
0.04376108439
0.01710546975
0.00667855997
0.0020043964
0.00004884632
0.03275268642
0.00008505914
0.4080328365
0.03851007634
0.00118728466
0.01561246835
0.00064429791
0.1058458293
0.00146939422
0.00042091643
0.05615315475
0.05582876242
0.00001966704
0.00689077052
0.00902766084
0.00777009907
0.0018898192
0.04974837206
0.02187014416
0.00120311112
0.00047433869
0.04633232354
0.1295703265
0.03200097918
0.00009690634
0.00489827501
0.00000342194
0.00445644472
0.00004231917
0.2438644699
0.03854330483
0.00027167873
0.0035466835
0.00007163155
0.08871554799
0.00072671999
0.0001409135
0.3215571576
0.07765069484
0.00001046697
0.00004670455
0.01177466352
0.00175665709
0.00097750853
0.09922352723
0.00014858095
7.94E-07
0.02994442546
0.02378204367
0.01862895874
0.01709688215
0.00012431008
0.00601888123
0.00022425556
0.01480919674
0.00034334153
0.06221900808
0.0253665286
0.02131514824
0.04307975973
0.02277599669
0.03318923629
0.00592723227
0.04844880493
0.00050703385
0.02655980796
0.00007723538
0.00111299005
0.1023844375
0.02931258987
0.117296643
0.00229704573
0.04697144879
0.00010736192
0.1403976555
0.1256633205
0.1400163071
0.00010820794
0.00073713048
0.00006865138
0.00087589829
0.00218925049
0.00099526955
0.00548909454
0.07797345867
0.00000537649
0.00007730194
0.0001188801
0.6861320985
0.00000937898
0.00003100441
0.00007485265
0.1691347231
0.00002049039
0.00003363291
0.0002884784
0.00001660737
0.00015024294
0.05132962017
0.00004832864
2.39E-07
0.00072379463
0.00037253081
0.00004593909
0.00171575648
0.00018011231
0.0000172645
0.00000113504
0.00600870214
9.56E-07
0.1107727125
0.2093619235
0.00058976586
0.00018906806
0.00264649726
0.1565974395
0.00105651423
0.00005321558
0.1783411234
0.1616747046
0.00000667204
0.00078858743
0.00671799854
0.00035728932
0.04005488226
0.1010754719
0.00025951306
0.00004105049
0.01174212843
0.01402177043
0.00119140207
0.00070854969
0.00001251343
0.0000294481
0.00000158093
0.00169925451
0.00000892285
0.1240263224
0.08096865113
0.00073015109
0.1234198619
0.00003289278
0.08238612418
0.00225623883
0.00007435138
0.01934540635
0.1116079291
0.00000890846
0.00008291721
0.00186221079
0.0005437587
0.00015829648
0.01127639731
0.232082517
0.00290278746
0.00007572191
0.00037381269
0.1729022461
0.01438853358
0.00501169407
0.00134003798
0.00644390034
0.00563391574
0.00006441502
0.7124826351
0.00703074648
0.0044173446
0.00231144517
0.00175268474
0.05578963673
0.00054833355
0.00056196406
0.00056713217
0.0156271888
0.00001668302
0.00022086874
0.00496839821
0.00649725236
0.00379040137
0.1260871885
0.00392386557
0.00000770683
0.00261820732
0.03824371874
0.00870225259
0.00053573061
0.00013219484
0.00265498855
0.00007879102
0.0000652814
0.000367359
0.07875294478
0.1557683169
0.00158876106
0.00077065695
0.00045002915
0.4531894199
0.00011286674
0.00217394274
0.00435866892
0.1202325486
0.00008195419
0.00132348829
0.02493204632
0.00170666007
0.00118186569
0.04827820716
0.00074837116
0.00012580687
0.0023407267
0.00109847371
0.00178430088
0.01153037948
0.0023615747
0.00106468558
0.00007835971
0.03056603746
0.05339890627